var_sequence,1_0_1,1_0_2,1_0_3,1_9_1,1_9_2,1_9_3,1_20_1,1_20_2,1_20_3,1_40_2,1_40_3,1_40_1,1_60_1,1_60_2,1_60_3,1_90_1,1_90_2,1_90_3,1_180_2,1_180_3,1_180_1,1_600_1,1_600_2,1_600_3
GCGGAAC,2032.0,2343.0,1964.0,1991.0,3024.0,2129.0,2321.0,1931.0,2386.0,2737.0,3111.0,2707.0,3161.0,2283.0,3057.0,1015.0,3508.0,2984.0,2621.0,2624.0,3252.0,2412.0,2003.0,2011.0
GCGAGAC,2182.0,2484.0,2239.0,2582.0,3272.0,2174.0,2606.0,2272.0,2826.0,2930.0,3284.0,2782.0,3065.0,2545.0,3098.0,999.0,3534.0,2551.0,2099.0,1977.0,2660.0,1796.0,1461.0,1595.0
GCGGGAC,2230.0,2296.0,2166.0,2447.0,3324.0,2587.0,2914.0,2203.0,3084.0,2779.0,3153.0,2612.0,2640.0,2381.0,2637.0,929.0,3356.0,2487.0,1778.0,1823.0,2131.0,1271.0,1216.0,1236.0
GCAGAAC,2251.0,2280.0,2292.0,2263.0,3008.0,2112.0,2531.0,2082.0,2758.0,2707.0,3112.0,2738.0,3037.0,2475.0,2922.0,986.0,3788.0,3228.0,2895.0,2714.0,3382.0,2539.0,1974.0,2206.0
GCGAAAC,2284.0,2314.0,2299.0,2130.0,2607.0,1914.0,2268.0,2191.0,2185.0,2839.0,3205.0,2645.0,2663.0,2704.0,2735.0,1042.0,4077.0,3286.0,3174.0,3226.0,3920.0,2663.0,2358.0,2493.0
GCAAAAC,2325.0,2355.0,2304.0,2152.0,2768.0,1964.0,2495.0,2225.0,2554.0,2806.0,3424.0,3106.0,3482.0,2543.0,3005.0,1170.0,3993.0,3515.0,3125.0,3248.0,3882.0,2940.0,2313.0,2524.0
GCAAGAC,2333.0,2324.0,2231.0,2629.0,3141.0,2342.0,2597.0,2547.0,2683.0,2920.0,3108.0,2938.0,2981.0,2255.0,3035.0,883.0,3239.0,2708.0,1989.0,2151.0,2654.0,1825.0,1402.0,1455.0
GCGGGAA,2411.0,2445.0,2310.0,2677.0,3313.0,2547.0,2648.0,2766.0,2689.0,3321.0,3433.0,3080.0,3125.0,2672.0,2972.0,1068.0,3720.0,3235.0,2460.0,2604.0,3077.0,2119.0,1580.0,1846.0
GCAGGAC,2450.0,2229.0,2248.0,2578.0,3326.0,2433.0,2696.0,2346.0,2350.0,2615.0,3164.0,2499.0,2893.0,2392.0,2362.0,848.0,3230.0,2536.0,1842.0,1691.0,2233.0,1464.0,1168.0,1146.0
GCGGAAA,2470.0,2470.0,2598.0,2060.0,3135.0,2129.0,2433.0,2406.0,2671.0,3218.0,3302.0,3182.0,3066.0,2466.0,2975.0,1246.0,3969.0,3433.0,3251.0,3083.0,4401.0,2839.0,2459.0,2459.0
ACGGGAC,2472.0,2667.0,2637.0,3057.0,4044.0,2793.0,3243.0,2946.0,3394.0,3280.0,3649.0,3324.0,3123.0,2651.0,3496.0,1097.0,3446.0,3147.0,2275.0,2091.0,2604.0,1868.0,1554.0,1398.0
GCAGAAA,2498.0,2412.0,2499.0,2228.0,2903.0,1969.0,2590.0,2171.0,2838.0,2796.0,3042.0,2940.0,3249.0,2820.0,3268.0,949.0,3957.0,3604.0,3535.0,3387.0,4010.0,2980.0,2328.0,2631.0
GCGAAAA,2514.0,2856.0,2597.0,2323.0,2842.0,2030.0,2604.0,2539.0,2542.0,2854.0,3731.0,3262.0,3560.0,2791.0,3471.0,1148.0,4742.0,3843.0,3691.0,3702.0,4274.0,3572.0,2729.0,3081.0
GCAGGAA,2539.0,2534.0,2436.0,2604.0,3109.0,2369.0,2632.0,2508.0,2929.0,2714.0,3731.0,2862.0,2938.0,2640.0,2842.0,922.0,3776.0,2953.0,2678.0,2425.0,2984.0,2316.0,1683.0,1802.0
ACGGAAC,2624.0,2632.0,2468.0,2373.0,3876.0,2254.0,2836.0,2383.0,2926.0,3373.0,3819.0,3364.0,3832.0,2931.0,3445.0,1152.0,4308.0,3735.0,3203.0,3271.0,3763.0,2764.0,2286.0,2502.0
GCGAGAA,2633.0,2500.0,2425.0,2571.0,3443.0,2155.0,2973.0,2650.0,2983.0,3135.0,3439.0,2949.0,3116.0,2666.0,3254.0,1027.0,3878.0,3248.0,2783.0,3008.0,3659.0,2497.0,1967.0,2281.0
ACGAGAC,2682.0,2726.0,2830.0,3092.0,4433.0,2961.0,3440.0,2912.0,3307.0,3227.0,4031.0,3568.0,3675.0,3089.0,3530.0,1067.0,4077.0,3435.0,2498.0,2678.0,3015.0,2304.0,1729.0,1809.0
GCAAGAA,2682.0,2425.0,2720.0,2485.0,3267.0,2007.0,2824.0,2469.0,2677.0,3049.0,3324.0,3082.0,3542.0,2813.0,3281.0,1056.0,4025.0,3364.0,3139.0,2800.0,3358.0,2598.0,2174.0,2295.0
ACGAAAC,2713.0,2953.0,2725.0,2469.0,3416.0,2177.0,2773.0,2441.0,2683.0,2816.0,3759.0,3709.0,3967.0,3200.0,3579.0,1269.0,4851.0,3908.0,3586.0,3761.0,4688.0,3446.0,2750.0,2893.0
ACGGAAA,2727.0,2839.0,2725.0,2723.0,3613.0,2455.0,2914.0,2697.0,3108.0,3511.0,3606.0,3614.0,3914.0,3164.0,3746.0,1423.0,4344.0,3994.0,3887.0,3743.0,4850.0,3770.0,2862.0,3146.0
ACGGGAA,2729.0,3019.0,2680.0,3009.0,3786.0,3150.0,3310.0,2933.0,3484.0,3227.0,4172.0,3447.0,3857.0,3143.0,3266.0,1078.0,3928.0,3790.0,3170.0,2872.0,3730.0,2605.0,1965.0,2122.0
GCAAAAA,2767.0,2588.0,2544.0,2133.0,3011.0,2193.0,2685.0,2515.0,2767.0,3487.0,3564.0,3339.0,3811.0,2811.0,3794.0,1045.0,4739.0,3698.0,3680.0,3964.0,4845.0,3914.0,2880.0,3006.0
ACAAGAC,2782.0,2779.0,2672.0,3237.0,4091.0,3006.0,3388.0,2833.0,3261.0,3540.0,3683.0,3675.0,3745.0,3198.0,4035.0,1123.0,3995.0,3350.0,2460.0,2701.0,3174.0,2330.0,1850.0,1977.0
ACAGGAC,2826.0,2526.0,2523.0,2956.0,4230.0,2946.0,3171.0,2790.0,3167.0,2979.0,3414.0,3184.0,2941.0,2772.0,3389.0,1032.0,3807.0,3034.0,2169.0,2257.0,2325.0,1844.0,1478.0,1399.0
ACAAAAC,2868.0,2735.0,2749.0,2958.0,3426.0,2244.0,2981.0,2620.0,2849.0,3211.0,3549.0,3387.0,3948.0,3166.0,3527.0,1240.0,4762.0,4143.0,4078.0,4071.0,4971.0,3531.0,2980.0,3294.0
ACAGAAC,2882.0,2856.0,2643.0,2602.0,3698.0,2496.0,2832.0,2430.0,3015.0,3200.0,3707.0,3168.0,3442.0,2954.0,3795.0,1170.0,4735.0,3653.0,3259.0,3203.0,4342.0,2857.0,2576.0,2446.0
ACAGAAA,2892.0,2993.0,2911.0,2711.0,3696.0,2509.0,3043.0,2721.0,3398.0,3328.0,3900.0,3601.0,3982.0,3205.0,3881.0,1386.0,5074.0,4078.0,4137.0,4101.0,5041.0,3700.0,3265.0,3305.0
GAGGAAC,2937.0,3054.0,2825.0,3056.0,3824.0,2707.0,3040.0,2963.0,3433.0,3437.0,4345.0,3748.0,4159.0,3316.0,3969.0,1271.0,4810.0,3903.0,3567.0,3634.0,4398.0,3588.0,2710.0,2480.0
ACGAGAA,2947.0,2817.0,2878.0,3057.0,4085.0,2767.0,3380.0,2826.0,3565.0,3697.0,4260.0,3665.0,4397.0,3183.0,3717.0,1236.0,4285.0,3871.0,3281.0,3600.0,3970.0,3005.0,2309.0,2635.0
GCGGAGC,2947.0,2866.0,3043.0,3419.0,4508.0,3292.0,3464.0,2979.0,3679.0,3396.0,4142.0,3694.0,3595.0,2997.0,3587.0,1151.0,3803.0,3139.0,2085.0,1971.0,2636.0,1532.0,1228.0,1441.0
GCAGGGC,2951.0,3076.0,3103.0,4123.0,5026.0,3702.0,3390.0,3091.0,4090.0,3400.0,3559.0,3538.0,3268.0,2813.0,3410.0,919.0,2863.0,2333.0,1404.0,1437.0,1542.0,932.0,787.0,771.0
ACAAGAA,3031.0,3075.0,2948.0,3092.0,3833.0,2579.0,3266.0,3102.0,3377.0,3577.0,4329.0,3992.0,4048.0,3268.0,3850.0,1473.0,4759.0,4197.0,3420.0,3641.0,4114.0,3102.0,2579.0,2935.0
GCGAGGC,3056.0,3217.0,3067.0,4038.0,5024.0,3831.0,4114.0,3343.0,3967.0,3491.0,4484.0,3697.0,3408.0,3119.0,3793.0,1064.0,3422.0,2781.0,1639.0,1528.0,1787.0,1041.0,972.0,932.0
GCGGAGA,3069.0,3255.0,2906.0,3011.0,4614.0,3294.0,3521.0,3051.0,3733.0,3442.0,4273.0,3834.0,3877.0,3295.0,3673.0,1195.0,4018.0,3686.0,2868.0,2398.0,3303.0,2277.0,1807.0,1897.0
GCAAGGC,3088.0,2867.0,2918.0,3551.0,5233.0,3430.0,3718.0,3341.0,4166.0,3430.0,4076.0,3496.0,3215.0,3090.0,3194.0,956.0,2879.0,2912.0,1587.0,1553.0,1718.0,1046.0,756.0,864.0
GCGGGGC,3097.0,3287.0,2801.0,3797.0,5664.0,3803.0,3665.0,3386.0,4113.0,3352.0,4088.0,3594.0,3423.0,2814.0,3750.0,1081.0,3214.0,2891.0,1504.0,1393.0,1632.0,937.0,743.0,721.0
GCGAAGC,3102.0,3233.0,2979.0,3236.0,4649.0,3256.0,3168.0,2937.0,3728.0,3489.0,4202.0,3566.0,3507.0,2962.0,3942.0,1124.0,4134.0,3577.0,2623.0,2471.0,3064.0,2121.0,1645.0,1860.0
GCAGAGC,3109.0,2941.0,2876.0,3635.0,4639.0,3482.0,3605.0,3216.0,3696.0,3432.0,4305.0,3526.0,3603.0,2977.0,3308.0,1142.0,3730.0,3068.0,2138.0,1993.0,2673.0,1693.0,1303.0,1239.0
ACAAAAA,3128.0,2994.0,3268.0,2793.0,3880.0,2579.0,3310.0,3340.0,3278.0,3797.0,4458.0,3918.0,4426.0,3630.0,4404.0,1286.0,5882.0,4364.0,4746.0,4548.0,5937.0,4586.0,3733.0,4127.0
ACAGGAA,3142.0,3052.0,2786.0,2879.0,4065.0,3273.0,3219.0,2900.0,3237.0,3341.0,3970.0,3899.0,3870.0,3586.0,4070.0,1109.0,4098.0,3686.0,3218.0,3389.0,3744.0,2759.0,2050.0,2459.0
GAAAGAC,3180.0,3213.0,3170.0,3569.0,4635.0,3389.0,3544.0,3223.0,3814.0,3913.0,4133.0,3852.0,4050.0,3646.0,3949.0,1269.0,4601.0,3997.0,3123.0,2852.0,3456.0,2625.0,1844.0,2036.0
GAAAAAC,3188.0,3200.0,3337.0,3146.0,3768.0,2688.0,3405.0,3272.0,3394.0,3822.0,4519.0,4058.0,4462.0,3828.0,4432.0,1487.0,5437.0,5023.0,4331.0,4477.0,5516.0,4076.0,3405.0,3581.0
GAAGAAC,3191.0,3070.0,2960.0,2874.0,4181.0,2912.0,3342.0,3085.0,3640.0,3549.0,3938.0,3887.0,3910.0,3257.0,3965.0,1286.0,4822.0,4427.0,3851.0,3525.0,4051.0,3228.0,2744.0,2844.0
ACGAAAA,3211.0,3349.0,2946.0,2787.0,3245.0,2149.0,3219.0,3106.0,3185.0,3429.0,4271.0,3618.0,4138.0,3642.0,4066.0,1370.0,5624.0,4486.0,4160.0,4457.0,4852.0,4360.0,3548.0,3542.0
GCAAAGC,3219.0,3180.0,3020.0,3234.0,4445.0,3420.0,3602.0,3383.0,3467.0,3428.0,3926.0,3510.0,3464.0,2967.0,3539.0,1102.0,4099.0,3375.0,2526.0,2616.0,3363.0,2230.0,1545.0,1767.0
GCAGGGA,3223.0,3145.0,2909.0,3659.0,4956.0,3650.0,3344.0,2948.0,3595.0,3396.0,3820.0,3476.0,3132.0,2670.0,3344.0,1064.0,3070.0,2699.0,1623.0,1545.0,1792.0,1185.0,957.0,913.0
GAGAAAC,3229.0,3120.0,3065.0,3178.0,3928.0,2953.0,3172.0,3464.0,3282.0,3888.0,4442.0,3789.0,4186.0,3484.0,3949.0,1216.0,5288.0,4504.0,4430.0,4200.0,5386.0,3725.0,2949.0,3241.0
GCGGGGA,3230.0,3284.0,3219.0,3525.0,5135.0,3509.0,3952.0,3307.0,3742.0,3655.0,3769.0,3698.0,3576.0,2649.0,3574.0,1002.0,3343.0,2951.0,1715.0,1678.0,1991.0,992.0,941.0,1016.0
GAGGGAA,3253.0,3432.0,3236.0,3473.0,4752.0,3426.0,3642.0,3100.0,3660.0,3864.0,4491.0,4145.0,4324.0,3626.0,4425.0,1350.0,5078.0,4103.0,3461.0,3377.0,4380.0,2638.0,2348.0,2712.0
GAGGGAC,3278.0,3011.0,2924.0,3747.0,5070.0,3645.0,3696.0,3240.0,3777.0,3716.0,4184.0,3811.0,4413.0,3134.0,3710.0,1216.0,4617.0,3543.0,2430.0,2408.0,2946.0,2071.0,1550.0,1576.0
AAGGGAC,3293.0,3493.0,3274.0,4201.0,5315.0,3941.0,4151.0,3576.0,4363.0,4243.0,5041.0,4433.0,4552.0,3608.0,4397.0,1294.0,4557.0,3941.0,2750.0,2534.0,3422.0,2493.0,1813.0,1816.0
GAGAGAC,3293.0,3106.0,3199.0,3481.0,4458.0,3227.0,3711.0,3514.0,3810.0,4114.0,4052.0,4373.0,3878.0,3488.0,3918.0,1137.0,4423.0,3739.0,3072.0,2915.0,3340.0,2797.0,1909.0,2052.0
GCGAGGA,3302.0,3425.0,3057.0,3641.0,5389.0,3386.0,3922.0,3446.0,4121.0,3827.0,4066.0,3535.0,3632.0,3063.0,3620.0,1001.0,3493.0,3260.0,1813.0,1918.0,2634.0,1458.0,1024.0,1083.0
AAAAGAC,3340.0,3588.0,3624.0,4250.0,6085.0,3738.0,4289.0,3753.0,4375.0,4470.0,5104.0,4348.0,4724.0,4172.0,4854.0,1282.0,5600.0,4405.0,3514.0,3186.0,4060.0,3098.0,2245.0,2418.0
AAGGAAC,3369.0,3531.0,3357.0,3444.0,4226.0,2980.0,3525.0,3415.0,3543.0,3775.0,4544.0,4102.0,4455.0,3876.0,4440.0,1483.0,5253.0,4772.0,4384.0,4127.0,4766.0,3921.0,3055.0,3174.0
GAAGAAA,3376.0,3647.0,3632.0,3099.0,3760.0,2792.0,3443.0,3366.0,3699.0,3898.0,4750.0,4066.0,4426.0,3835.0,4177.0,1521.0,5630.0,4878.0,4556.0,4400.0,6010.0,4118.0,3344.0,3811.0
GAAAGAA,3379.0,3531.0,3387.0,3310.0,4734.0,2996.0,3561.0,3331.0,3794.0,4101.0,5044.0,4420.0,4530.0,3799.0,4400.0,1523.0,6072.0,4696.0,4084.0,3821.0,4891.0,3543.0,2924.0,3006.0
GAGGAAA,3379.0,3492.0,3181.0,3012.0,4092.0,2383.0,3380.0,3055.0,3136.0,3970.0,4343.0,3917.0,4468.0,3265.0,4175.0,1571.0,5546.0,4640.0,4282.0,4366.0,5541.0,4035.0,3267.0,3134.0
GCAGAGA,3381.0,3037.0,3129.0,3710.0,4801.0,3091.0,3455.0,3378.0,3722.0,3390.0,4003.0,3595.0,3453.0,3150.0,3582.0,1131.0,3964.0,3564.0,2545.0,2654.0,3412.0,2184.0,1700.0,1881.0
GCGAAGA,3384.0,3419.0,3216.0,3198.0,4547.0,3181.0,3252.0,3297.0,3577.0,3840.0,4063.0,3681.0,3730.0,3075.0,3713.0,1261.0,5141.0,4030.0,3204.0,3462.0,3885.0,2697.0,2128.0,2591.0
GCAAGGA,3414.0,3363.0,3340.0,3723.0,4818.0,3666.0,3569.0,3173.0,4042.0,3722.0,3937.0,3578.0,3375.0,2970.0,3098.0,1055.0,3615.0,2850.0,1743.0,1863.0,2055.0,1273.0,1030.0,1178.0
GAAGGAC,3425.0,3162.0,2970.0,3359.0,4850.0,3432.0,3742.0,3114.0,3915.0,3908.0,4101.0,3536.0,3921.0,2838.0,3574.0,1091.0,3940.0,3473.0,2673.0,2162.0,2894.0,1968.0,1629.0,1845.0
AAGAAAC,3433.0,3664.0,3594.0,3407.0,3998.0,3375.0,3502.0,3304.0,3814.0,4646.0,5321.0,4269.0,5038.0,4314.0,4810.0,1457.0,5855.0,5173.0,4723.0,4929.0,5903.0,4482.0,3754.0,3939.0
GAAGGAA,3448.0,3213.0,3531.0,3304.0,4405.0,3151.0,3690.0,3156.0,3803.0,4081.0,4589.0,3737.0,4374.0,3493.0,4231.0,1430.0,5094.0,4328.0,3747.0,3263.0,4219.0,3012.0,2316.0,2331.0
ACAGGGC,3450.0,3539.0,3289.0,4607.0,6156.0,4700.0,4469.0,3801.0,4478.0,3875.0,4774.0,4264.0,4025.0,3479.0,4253.0,1246.0,3523.0,2992.0,1540.0,1739.0,1978.0,1088.0,928.0,885.0
GCAAAGA,3467.0,3493.0,3304.0,3335.0,4587.0,2965.0,3388.0,3303.0,3531.0,3857.0,4361.0,3893.0,4080.0,3182.0,4103.0,1277.0,4637.0,4168.0,3139.0,3201.0,4188.0,2868.0,2307.0,2321.0
GAGAAAA,3563.0,3441.0,3492.0,3033.0,4379.0,3038.0,3491.0,3000.0,3399.0,4015.0,4779.0,4137.0,4530.0,3706.0,4568.0,1543.0,5974.0,5021.0,4957.0,5007.0,6207.0,4793.0,3784.0,3981.0
GAGAGAA,3566.0,3454.0,3422.0,3365.0,4419.0,3101.0,3955.0,3335.0,4214.0,4213.0,4937.0,4298.0,4248.0,3724.0,4328.0,1558.0,5482.0,4563.0,3562.0,3989.0,4629.0,3538.0,2861.0,2952.0
AAGAGAC,3571.0,3587.0,3622.0,3999.0,5283.0,3982.0,3901.0,3676.0,4750.0,4336.0,4891.0,4501.0,4675.0,4277.0,5079.0,1371.0,5334.0,4353.0,3444.0,3637.0,3679.0,2995.0,2252.0,2499.0
ACAGAGC,3580.0,3476.0,3667.0,4220.0,5626.0,3719.0,4067.0,3695.0,4472.0,4097.0,4973.0,4261.0,4348.0,3484.0,4288.0,1218.0,4648.0,3818.0,2213.0,2445.0,2871.0,1943.0,1529.0,1569.0
ACGGAGC,3586.0,3595.0,3547.0,4236.0,5882.0,3940.0,4160.0,3980.0,4709.0,4093.0,4474.0,4457.0,4555.0,3687.0,4069.0,1265.0,4332.0,3832.0,2555.0,2271.0,2974.0,2104.0,1397.0,1589.0
AAAGGAC,3600.0,3231.0,3487.0,4014.0,5623.0,3493.0,4232.0,3614.0,4187.0,4015.0,4822.0,4101.0,4423.0,3609.0,4189.0,1172.0,5038.0,4034.0,2971.0,2728.0,3438.0,2197.0,1747.0,2008.0
ACGAGGC,3623.0,3729.0,3598.0,4399.0,6386.0,4558.0,4614.0,4221.0,5047.0,4602.0,5489.0,4489.0,4541.0,3660.0,4318.0,1330.0,4096.0,3532.0,1903.0,2055.0,2426.0,1454.0,1085.0,1148.0
ACGGGGC,3657.0,3690.0,3546.0,4832.0,6166.0,4895.0,4497.0,4179.0,5100.0,4132.0,4830.0,4163.0,4220.0,3884.0,4191.0,1344.0,3733.0,3163.0,1749.0,1884.0,1963.0,1078.0,918.0,986.0
AAAGAAC,3668.0,3518.0,3528.0,3550.0,4792.0,3373.0,3936.0,3027.0,4012.0,4055.0,4954.0,4173.0,4884.0,3857.0,5157.0,1472.0,5861.0,4601.0,4473.0,4413.0,5167.0,4336.0,3139.0,3348.0
ACGAAGC,3679.0,3416.0,3536.0,4029.0,5810.0,3983.0,3794.0,3777.0,4534.0,4157.0,5049.0,4508.0,4710.0,3742.0,4241.0,1406.0,5256.0,4417.0,3049.0,3044.0,3406.0,2721.0,1872.0,2057.0
GAAAAAA,3685.0,3772.0,3651.0,3262.0,4061.0,3003.0,4071.0,3543.0,3892.0,4299.0,4753.0,4551.0,5065.0,4049.0,5002.0,1601.0,6380.0,5265.0,4801.0,5333.0,6205.0,5165.0,3941.0,4473.0
ACAAAGC,3712.0,3579.0,3613.0,3993.0,5323.0,3891.0,3892.0,3599.0,4607.0,4292.0,5063.0,4133.0,4803.0,3568.0,4817.0,1390.0,5138.0,3896.0,3098.0,3012.0,3696.0,2707.0,2006.0,2245.0
AAGAAAA,3757.0,4243.0,4136.0,3576.0,4360.0,3210.0,3931.0,3421.0,4203.0,5085.0,5725.0,4772.0,5292.0,4768.0,5313.0,1743.0,6662.0,5860.0,5746.0,5935.0,7184.0,5396.0,4298.0,4873.0
ACAAGGC,3761.0,3692.0,3483.0,4745.0,6280.0,4345.0,4997.0,4400.0,4940.0,4483.0,4914.0,4245.0,4529.0,3824.0,4428.0,1162.0,3967.0,3606.0,1950.0,1822.0,2358.0,1286.0,1107.0,1191.0
ACAGGGA,3761.0,3896.0,3682.0,4358.0,6051.0,4232.0,3989.0,3880.0,4184.0,4078.0,4410.0,3992.0,4080.0,3285.0,3995.0,1113.0,3872.0,3227.0,1874.0,1825.0,2293.0,1375.0,1010.0,1163.0
AAGGGAA,3766.0,3759.0,3756.0,3922.0,4835.0,3889.0,3889.0,4059.0,4372.0,4503.0,4963.0,4634.0,4696.0,4489.0,4680.0,1523.0,5417.0,5030.0,4085.0,3897.0,4697.0,3488.0,2552.0,2944.0
AAGAGAA,3804.0,4056.0,3796.0,4125.0,5203.0,3853.0,4617.0,3988.0,4492.0,4990.0,5547.0,4782.0,5268.0,4320.0,4907.0,1838.0,6209.0,5063.0,4424.0,4260.0,5554.0,4249.0,3182.0,3419.0
AAGGAAA,3812.0,3784.0,3894.0,3607.0,4546.0,2942.0,3882.0,3885.0,4104.0,4416.0,4913.0,4708.0,4873.0,4193.0,4647.0,1572.0,6405.0,5288.0,4831.0,5051.0,6157.0,4896.0,3636.0,3818.0
ACGAGGA,3835.0,4195.0,3768.0,4532.0,6569.0,4250.0,4561.0,3885.0,4582.0,4300.0,5011.0,4355.0,4383.0,3814.0,4307.0,1246.0,4471.0,3869.0,2455.0,2385.0,2841.0,1758.0,1454.0,1514.0
AAAGAAA,3842.0,4006.0,3992.0,3713.0,4790.0,3254.0,4136.0,3667.0,3979.0,4813.0,5008.0,4859.0,4811.0,4592.0,5251.0,1660.0,7258.0,5743.0,5767.0,5315.0,6459.0,4659.0,3894.0,3911.0
ACGGGGA,3882.0,3875.0,3782.0,4685.0,6591.0,4253.0,4530.0,3845.0,4794.0,3818.0,4544.0,4478.0,3956.0,3801.0,4271.0,1221.0,3759.0,3475.0,2047.0,2029.0,2415.0,1729.0,1122.0,1330.0
AAAGGAA,3890.0,3730.0,3617.0,3919.0,5229.0,3843.0,4118.0,3479.0,3985.0,4452.0,4801.0,4543.0,4820.0,4116.0,4632.0,1400.0,5761.0,4706.0,4249.0,3948.0,5070.0,3530.0,2777.0,2893.0
ACGGAGA,3903.0,3697.0,3320.0,3927.0,5989.0,3726.0,4292.0,3762.0,4530.0,4237.0,5006.0,4638.0,4708.0,3769.0,4469.0,1392.0,5264.0,4331.0,3295.0,3300.0,4460.0,2685.0,2036.0,2283.0
GAAGGGC,3937.0,4038.0,4199.0,5041.0,7090.0,5236.0,5016.0,4289.0,4981.0,4751.0,5495.0,4882.0,4532.0,3784.0,4549.0,1307.0,4374.0,3426.0,1798.0,1810.0,2052.0,1259.0,982.0,1042.0
ACAAGGA,3945.0,3743.0,3899.0,4420.0,5717.0,4147.0,4227.0,3745.0,4562.0,4324.0,4933.0,4600.0,4349.0,3920.0,4273.0,1309.0,4312.0,3674.0,2230.0,2147.0,2492.0,1778.0,1387.0,1389.0
ACAGAGA,3946.0,3874.0,3565.0,3811.0,5415.0,4116.0,4330.0,3757.0,4426.0,4100.0,4773.0,4605.0,4519.0,3907.0,4860.0,1541.0,5128.0,4654.0,3338.0,2939.0,3798.0,2607.0,2230.0,2189.0
AAAAAAC,3950.0,3814.0,3791.0,3384.0,4596.0,3437.0,3881.0,3539.0,3965.0,4264.0,4790.0,4611.0,4984.0,4441.0,5382.0,1690.0,6704.0,5308.0,5280.0,5028.0,5983.0,4983.0,3860.0,3987.0
ACGAAGA,4006.0,4270.0,3899.0,4259.0,5492.0,3528.0,3992.0,3767.0,4484.0,4239.0,5450.0,4629.0,4961.0,3921.0,4421.0,1566.0,6012.0,4833.0,3769.0,4194.0,5077.0,3209.0,2677.0,2757.0
GAGGAGC,4090.0,3972.0,3956.0,4898.0,6640.0,4677.0,4864.0,4710.0,5081.0,5049.0,6033.0,4893.0,5003.0,4094.0,5247.0,1344.0,5449.0,4471.0,2984.0,2578.0,3394.0,2396.0,1803.0,1871.0
AAAAGAA,4119.0,3830.0,3829.0,3785.0,5389.0,3737.0,4484.0,4167.0,4707.0,4604.0,5707.0,5263.0,5310.0,4400.0,5371.0,1762.0,6635.0,5355.0,4667.0,4380.0,5517.0,4210.0,3185.0,3397.0
GAAGAGC,4129.0,4108.0,3884.0,4561.0,6885.0,4528.0,4494.0,4126.0,4951.0,4659.0,5507.0,5222.0,4978.0,4033.0,5188.0,1429.0,5125.0,4612.0,2798.0,2725.0,3161.0,2235.0,1704.0,1874.0
GAAAGGC,4212.0,4177.0,4080.0,5200.0,7179.0,4822.0,5153.0,4334.0,5425.0,4752.0,5512.0,5221.0,4883.0,4128.0,4559.0,1287.0,4725.0,3764.0,2179.0,2035.0,2731.0,1343.0,1097.0,1314.0
GAAGGGA,4218.0,4236.0,3971.0,4972.0,6902.0,4946.0,4665.0,4328.0,5591.0,4550.0,5128.0,4476.0,4730.0,3909.0,4463.0,1382.0,4581.0,3769.0,2161.0,2006.0,2667.0,1356.0,1151.0,1163.0
GAGGGGC,4218.0,4310.0,3761.0,5556.0,7153.0,5019.0,5127.0,4604.0,5809.0,4905.0,5637.0,5345.0,4698.0,4296.0,5391.0,1264.0,4267.0,3773.0,1942.0,1896.0,2171.0,1250.0,1076.0,1138.0
AAAAAAA,4222.0,4201.0,4286.0,3705.0,4671.0,3226.0,4013.0,3899.0,4114.0,4937.0,5869.0,5333.0,5558.0,4876.0,5784.0,1908.0,7373.0,6108.0,6042.0,5902.0,7049.0,6144.0,4619.0,5012.0
GAGAGGC,4228.0,4009.0,3816.0,5366.0,7099.0,4866.0,4860.0,5321.0,5746.0,5121.0,5564.0,5026.0,4894.0,4001.0,5063.0,1361.0,4707.0,4024.0,2267.0,2185.0,2571.0,1434.0,1130.0,1127.0
ACAAAGA,4230.0,4006.0,3914.0,3841.0,5340.0,3852.0,4296.0,4026.0,4526.0,4363.0,5616.0,4759.0,4872.0,4051.0,4740.0,1662.0,6148.0,4842.0,4110.0,4209.0,5016.0,3495.0,2789.0,3030.0
GAGGAGA,4257.0,4326.0,3848.0,4731.0,6032.0,4285.0,4789.0,4507.0,4920.0,4763.0,5518.0,5130.0,5120.0,4161.0,5352.0,1621.0,5704.0,4862.0,4017.0,3536.0,4519.0,2768.0,2168.0,2364.0
GAAAAGC,4314.0,4034.0,4327.0,4620.0,6268.0,4366.0,5017.0,4216.0,5105.0,4973.0,5579.0,4937.0,5602.0,3941.0,5021.0,1449.0,6026.0,5031.0,3623.0,3459.0,3878.0,3126.0,2271.0,2321.0
GAGGGGA,4326.0,4550.0,4120.0,5575.0,6932.0,5279.0,5047.0,4945.0,5464.0,4730.0,5422.0,5107.0,4805.0,3980.0,4683.0,1198.0,4668.0,3869.0,2351.0,2122.0,2709.0,1510.0,1219.0,1326.0
GAGAAGC,4354.0,4292.0,3941.0,4875.0,6227.0,4461.0,4488.0,4485.0,5183.0,5409.0,5244.0,4851.0,4974.0,4240.0,4977.0,1646.0,5722.0,4953.0,3638.0,3332.0,4146.0,2977.0,2250.0,2448.0
GAGAAGA,4505.0,4677.0,4259.0,4402.0,6161.0,4220.0,4652.0,4335.0,5027.0,5062.0,5874.0,5065.0,5696.0,4378.0,5508.0,1757.0,6394.0,5633.0,4317.0,4184.0,5498.0,3738.0,2841.0,3281.0
GAAAGGA,4520.0,4189.0,4527.0,5469.0,7066.0,4827.0,4945.0,4713.0,5366.0,4906.0,5868.0,5086.0,4844.0,4044.0,4743.0,1410.0,4959.0,4168.0,2427.0,2554.0,3106.0,1784.0,1391.0,1362.0
AAGGAGC,4526.0,4432.0,4562.0,5300.0,7302.0,5448.0,5265.0,5215.0,5702.0,5469.0,6730.0,5927.0,5705.0,4855.0,5662.0,1674.0,5988.0,5008.0,3236.0,3297.0,3792.0,2435.0,1969.0,2251.0
GAAGAGA,4547.0,4783.0,4266.0,4825.0,5965.0,4627.0,4551.0,4707.0,4795.0,4606.0,5749.0,5103.0,5557.0,4342.0,5401.0,1434.0,5580.0,4749.0,3620.0,3521.0,4431.0,2926.0,2257.0,2540.0
GAGAGGA,4551.0,4865.0,4532.0,4906.0,7322.0,5043.0,5402.0,4745.0,5338.0,4803.0,5676.0,4706.0,4623.0,4001.0,5081.0,1561.0,4986.0,3956.0,2624.0,2345.0,3210.0,1901.0,1365.0,1525.0
AAGGGGC,4635.0,4677.0,4664.0,6178.0,8281.0,6223.0,6231.0,5348.0,6371.0,5625.0,7094.0,5786.0,5556.0,4716.0,5797.0,1422.0,4472.0,4441.0,2555.0,2320.0,2694.0,1456.0,1243.0,1314.0
AAGAGGC,4661.0,5053.0,4513.0,6124.0,8140.0,5935.0,6064.0,5429.0,6702.0,5762.0,6875.0,5825.0,5823.0,4726.0,6000.0,1717.0,5949.0,4808.0,2653.0,2633.0,3253.0,1811.0,1349.0,1233.0
AAAGAGC,4694.0,4689.0,4662.0,5838.0,7752.0,5129.0,5418.0,5024.0,5701.0,5906.0,6371.0,5770.0,5504.0,4832.0,5460.0,1665.0,5799.0,4872.0,3461.0,3210.0,3808.0,2658.0,1915.0,2043.0
AAGAAGC,4695.0,4790.0,4769.0,5227.0,7158.0,4899.0,5469.0,5117.0,6105.0,5671.0,6992.0,6203.0,6393.0,4975.0,5773.0,1718.0,6897.0,5550.0,4185.0,4088.0,5202.0,3531.0,2551.0,2776.0
AAAGGGC,4702.0,4758.0,4522.0,5933.0,7818.0,5441.0,5846.0,5454.0,5931.0,5087.0,6536.0,5545.0,5419.0,4448.0,5529.0,1488.0,4658.0,4049.0,2236.0,2128.0,2675.0,1378.0,1093.0,1160.0
GAAAAGA,4898.0,4547.0,4592.0,4689.0,5713.0,4297.0,4939.0,4781.0,4856.0,5268.0,5790.0,5303.0,5420.0,4595.0,5839.0,1781.0,6570.0,6013.0,4514.0,4316.0,5700.0,3977.0,3195.0,3399.0
AAGGGGA,4917.0,5101.0,4742.0,6138.0,8155.0,5654.0,5295.0,5323.0,6022.0,5274.0,6506.0,5676.0,5552.0,4584.0,5618.0,1696.0,5303.0,4248.0,2554.0,2439.0,3192.0,1868.0,1483.0,1560.0
AAAAGGC,4932.0,4692.0,4727.0,6240.0,8538.0,5966.0,5591.0,5599.0,6282.0,5608.0,6602.0,5875.0,5793.0,5313.0,5454.0,1633.0,5625.0,4197.0,2497.0,2724.0,3061.0,1782.0,1446.0,1233.0
AAGGAGA,4962.0,5114.0,4764.0,5251.0,7485.0,5204.0,5497.0,4980.0,6280.0,5456.0,6376.0,5724.0,6142.0,4848.0,6016.0,1682.0,6218.0,5547.0,4314.0,4145.0,5376.0,3391.0,2525.0,2782.0
AAGAAGA,5036.0,5131.0,4746.0,4846.0,6957.0,4967.0,5440.0,5107.0,5562.0,5879.0,6781.0,5906.0,6254.0,5457.0,6147.0,2013.0,7193.0,6583.0,5678.0,5183.0,6273.0,4396.0,3617.0,3859.0
AAAGAGA,5038.0,4855.0,4836.0,5469.0,6738.0,4915.0,5804.0,5103.0,5914.0,5763.0,6416.0,5927.0,6067.0,5221.0,6159.0,1928.0,6770.0,5775.0,4328.0,4369.0,5600.0,3533.0,2633.0,2728.0
AAAGGGA,5143.0,4883.0,4889.0,6053.0,8204.0,5472.0,5620.0,5102.0,5871.0,5123.0,6051.0,5435.0,5069.0,4810.0,5396.0,1528.0,5070.0,4215.0,2430.0,2448.0,3034.0,1891.0,1543.0,1567.0
AAGAGGA,5232.0,5143.0,5023.0,5856.0,8248.0,5607.0,5866.0,5430.0,6110.0,5530.0,6565.0,6135.0,5691.0,5099.0,5743.0,1654.0,5887.0,4999.0,3138.0,3055.0,3891.0,2507.0,1766.0,1751.0
AAAAAGC,5326.0,4981.0,4767.0,5744.0,7809.0,5237.0,5513.0,5045.0,6509.0,6002.0,7283.0,6023.0,6227.0,4951.0,6470.0,1949.0,6696.0,5995.0,4475.0,4118.0,4876.0,3547.0,2693.0,2883.0
AAAAAGA,5373.0,5003.0,5159.0,5203.0,7391.0,4847.0,5715.0,5152.0,5989.0,6003.0,7193.0,6157.0,6463.0,5394.0,6138.0,2101.0,7372.0,6642.0,5477.0,5246.0,6322.0,4757.0,3630.0,4057.0
AAAAGGA,5452.0,4868.0,4936.0,5919.0,7854.0,5765.0,5950.0,5343.0,6404.0,5885.0,6226.0,5830.0,5282.0,4795.0,5247.0,1647.0,5815.0,4952.0,3076.0,2979.0,3687.0,2170.0,1739.0,1912.0
